0 Москва 2 2561 12678079
1 Московская 0 44329 7690863
2 Волгоградская 0 112877 2491036
3 Башкортостан 4 142947 4038151
4 Челябинская 0 88529 3466369
5 Оренбургская 0 123702 1956835
6 Тыва 4 168604 327383
7 Хакасия 4 61569 534262
8 Красноярский 1 2366797 2866255
9 Тверская 0 84201 1260379
10 Ярославская 0 36177 1253389
11 Костромская 0 60211 633385
12 Ивановская 0 21437 997135
13 Нижегородская 0 76624 3202946
14 Чувашия 4 18343 1217818
15 Марий-Эл 4 23375 679417
16 Татарстан 4 67847 3902642
17 Ульяновская 0 37181 1229824
18 Самарская 0 53565 3179532
19 Саратовская 0 101240 2421895
20 Астраханская 0 49024 1005782
21 Калмыкия 4 74731 271135
22 Дагестан 4 50270 3110858
23 Бурятия 4 351334 985937
24 Иркутская 0 774846 2391193
25 Орловская 0 24652 733498
26 Тульская 0 25679 1466127
27 Рязанская 0 39605 1108847
28 Владимирская 0 29084 1358416
29 Удмуртия 4 42061 1500955
30 Кировская 0 120374 1262402
31 Пермский 1 160236 2599260
32 Свердловская 0 194307 4310681
33 Архангельская 0 589913 1136535
34 Ямало-Ненецкий 3 769250 544444




